1010
/Users/alvin/GitHub/cgtools/resources/outputs/example_wulff/wulff_solvated_0.txt
0.09781638416216977  1.3533442754776495e-17  -0.9934055063041708
0.09673747282516079  0.014580827975457455  -0.9935453586634782
0.09351909863564685  0.02884682157360368  -0.9939201345628679
0.0882187037649052  0.042483888637278505  -0.9944108303421338
0.08093841490666752  0.05518287691417876  -0.9948648365063707
0.07183022723780365  0.06664871094741028  -0.9951475802965335
0.061096901605315425  0.07661309136714628  -0.9951872199970212
0.04898654866676841  0.08484719117828825  -0.9949970569291484
0.03578176389839201  0.09117044753176586  -0.9946682643380851
0.02178657819245338  0.09545323585116951  -0.9943358758612546
0.007315159559984752  0.09761402053868352  -0.9941301274084262
-0.007315159559984652  0.09761402053868354  -0.9941301274084263
-0.021786578192453308  0.09545323585116952  -0.9943358758612548
-0.03578176389839196  0.09117044753176586  -0.9946682643380853
-0.04898654866676831  0.08484719117828826  -0.9949970569291484
-0.06109690160531534  0.07661309136714631  -0.9951872199970213
-0.07183022723780355  0.06664871094741028  -0.9951475802965333
-0.08093841490666749  0.05518287691417876  -0.994864836506371
-0.08821870376490513  0.042483888637278526  -0.994410830342134
-0.09351909863564675  0.02884682157360371  -0.9939201345628677
-0.09673747282516072  0.014580827975457483  -0.9935453586634782
-0.09781638416216973  2.5512494931613403e-17  -0.9934055063041709
-0.09673747282516075  -0.014580827975457393  -0.9935453586634783
-0.09351909863564681  -0.028846821573603635  -0.993920134562868
-0.08821870376490516  -0.042483888637278484  -0.994410830342134
-0.08093841490666745  -0.05518287691417874  -0.9948648365063707
-0.07183022723780354  -0.06664871094741026  -0.9951475802965333
-0.06109690160531537  -0.07661309136714627  -0.9951872199970213
-0.04898654866676838  -0.08484719117828822  -0.9949970569291485
-0.03578176389839194  -0.09117044753176584  -0.9946682643380853
-0.021786578192453332  -0.09545323585116951  -0.9943358758612548
-0.007315159559984718  -0.09761402053868352  -0.9941301274084263
0.0073151595599847494  -0.0976140205386835  -0.9941301274084262
0.021786578192453367  -0.09545323585116952  -0.9943358758612549
0.03578176389839205  -0.0911704475317658  -0.9946682643380851
0.04898654866676834  -0.08484719117828829  -0.9949970569291485
0.0610969016053154  -0.07661309136714627  -0.9951872199970212
0.07183022723780365  -0.06664871094741023  -0.9951475802965333
0.08093841490666749  -0.055182876914178815  -0.9948648365063708
0.08821870376490519  -0.042483888637278505  -0.9944108303421338
0.09351909863564682  -0.0288468215736037  -0.9939201345628679
0.0967374728251608  -0.014580827975457514  -0.9935453586634783
0.20625430891820912  1.3533442754776495e-17  -0.8999491835499864
0.20441701271538518  0.030810907196706323  -0.9020071861976697
0.19873536629179062  0.06130174194812909  -0.9074575843720675
0.1888098335751596  0.09092602363107039  -0.9143864501313704
0.17428200126509452  0.11882345651639642  -0.9203688749608445
0.1551226231073949  0.14393276015487322  -0.9233266907735225
0.13178481571913322  0.16525293201798144  -0.9222549105623707
0.10514511086267753  0.18211667418161961  -0.9175590771552161
0.07626949494271626  0.19433150379882974  -0.9108930434752007
0.04613148874619209  0.2021152581446285  -0.9045686939083444
0.015427236328971129  0.20586216220203066  -0.9007568290288471
-0.015427236328970986  0.20586216220203057  -0.9007568290288467
-0.046131488746192016  0.20211525814462855  -0.9045686939083445
-0.07626949494271622  0.19433150379882974  -0.9108930434752007
-0.10514511086267733  0.18211667418161956  -0.9175590771552158
-0.13178481571913309  0.16525293201798147  -0.9222549105623707
-0.15512262310739483  0.14393276015487325  -0.9233266907735227
-0.17428200126509444  0.11882345651639638  -0.9203688749608445
-0.18880983357515957  0.09092602363107045  -0.9143864501313708
-0.1987353662917906  0.0613017419481292  -0.9074575843720675
-0.20441701271538512  0.03081090719670639  -0.9020071861976701
-0.20625430891820903  3.8792310677479903e-17  -0.8999491835499864
-0.20441701271538518  -0.03081090719670623  -0.9020071861976701
-0.1987353662917906  -0.06130174194812903  -0.9074575843720675
-0.1888098335751596  -0.09092602363107037  -0.9143864501313708
-0.1742820012650944  -0.11882345651639638  -0.9203688749608445
-0.15512262310739483  -0.14393276015487322  -0.9233266907735227
-0.1317848157191331  -0.16525293201798133  -0.9222549105623706
-0.10514511086267748  -0.18211667418161948  -0.9175590771552159
-0.07626949494271616  -0.19433150379882969  -0.9108930434752006
-0.04613148874619207  -0.20211525814462855  -0.9045686939083445
-0.015427236328971132  -0.2058621622020306  -0.9007568290288469
0.01542723632897112  -0.20586216220203057  -0.9007568290288467
0.04613148874619205  -0.2021152581446285  -0.9045686939083444
0.07626949494271634  -0.19433150379882969  -0.9108930434752007
0.10514511086267733  -0.18211667418161967  -0.9175590771552159
0.13178481571913317  -0.1652529320179814  -0.9222549105623707
0.155122623107395  -0.14393276015487316  -0.9233266907735228
0.17428200126509452  -0.11882345651639657  -0.9203688749608449
0.18880983357515965  -0.09092602363107045  -0.9143864501313708
0.1987353662917907  -0.0613017419481292  -0.9074575843720676
0.20441701271538518  -0.03081090719670648  -0.90200718619767
0.2986907375397612  1.3533442754776495e-17  -0.8102367179899754
0.29699099167196463  0.04476418944348451  -0.8147257540789749
0.2912806985555124  0.08984819637539469  -0.8268716286702763
0.2799317574283959  0.13480802937570133  -0.8428155723615006
0.2610259029916742  0.1779644473246948  -0.8569750934525445
0.23348990105948564  0.21664696776377515  -0.8640195301729562
0.19794735293864266  0.24821812953037867  -0.8612128662336592
0.15662085866477699  0.27127528473245777  -0.8497081063749286
0.11232090380593164  0.2861889954960941  -0.8339736182957218
0.06723882494113333  0.29459254035976523  -0.8196706910385915
0.02235210671377638  0.29826813563667065  -0.8113590809821963
-0.022352106713776215  0.2982681356366707  -0.8113590809821966
-0.06723882494113322  0.2945925403597651  -0.8196706910385912
-0.11232090380593157  0.286188995496094  -0.8339736182957217
-0.1566208586647768  0.27127528473245777  -0.8497081063749283
-0.19794735293864255  0.2482181295303787  -0.8612128662336592
-0.23348990105948556  0.21664696776377515  -0.8640195301729562
-0.2610259029916741  0.17796444732469474  -0.8569750934525445
-0.2799317574283958  0.13480802937570135  -0.8428155723615006
-0.29128069855551225  0.08984819637539482  -0.8268716286702763
-0.2969909916719646  0.0447641894434846  -0.8147257540789751
-0.29869073753976116  5.011250832107957e-17  -0.8102367179899754
-0.2969909916719647  -0.044764189443484384  -0.8147257540789752
-0.29128069855551236  -0.08984819637539458  -0.8268716286702763
-0.2799317574283958  -0.13480802937570127  -0.8428155723615006
-0.261025902991674  -0.17796444732469469  -0.8569750934525441
-0.23348990105948547  -0.21664696776377512  -0.8640195301729561
-0.19794735293864257  -0.24821812953037867  -0.8612128662336592
-0.156620858664777  -0.27127528473245777  -0.8497081063749286
-0.11232090380593153  -0.2861889954960941  -0.8339736182957218
-0.0672388249411333  -0.2945925403597651  -0.8196706910385912
-0.022352106713776413  -0.29826813563667065  -0.8113590809821963
0.02235210671377637  -0.29826813563667065  -0.8113590809821963
0.06723882494113326  -0.2945925403597651  -0.8196706910385912
0.11232090380593177  -0.2861889954960941  -0.8339736182957218
0.15662085866477674  -0.271275284732458  -0.8497081063749286
0.1979473529386426  -0.2482181295303787  -0.8612128662336592
0.23348990105948572  -0.21664696776377507  -0.8640195301729562
0.26102590299167405  -0.17796444732469496  -0.8569750934525445
0.27993175742839593  -0.13480802937570138  -0.8428155723615008
0.2912806985555124  -0.08984819637539485  -0.8268716286702765
0.29699099167196474  -0.04476418944348476  -0.8147257540789752
0.3888021073021605  1.3533442754776495e-17  -0.7445395973295962
0.3854453851853603  0.05809654409185598  -0.746448833125923
0.37651391154309233  0.1161391607138864  -0.7545298669211482
0.3625750502659189  0.17460694162093043  -0.7706325009594507
0.34052728375364094  0.23216757094842508  -0.7892335381911997
0.30623589534542983  0.2841453863570296  -0.7999826680522968
0.25923843835937416  0.32507471970027274  -0.7962129414838138
0.2037367141993864  0.35288234036047667  -0.7802943878253161
0.14535522681310759  0.37035907780465477  -0.7618884694376608
0.08713696466680869  0.3817719866893558  -0.7498782263257363
0.029094099931365996  0.3882337828678614  -0.7455359497904226
-0.0290940999313658  0.38823378286786153  -0.7455359497904228
-0.08713696466680858  0.3817719866893558  -0.7498782263257363
-0.14535522681310753  0.37035907780465477  -0.7618884694376608
-0.2037367141993862  0.35288234036047667  -0.7802943878253161
-0.25923843835937405  0.32507471970027285  -0.796212941483814
-0.30623589534542983  0.28414538635702963  -0.7999826680522969
-0.3405272837536409  0.23216757094842494  -0.7892335381911996
-0.3625750502659188  0.1746069416209305  -0.7706325009594507
-0.3765139115430921  0.11613916071388652  -0.7545298669211481
-0.38544538518536037  0.05809654409185613  -0.7464488331259234
-0.3888021073021605  6.114796837571018e-17  -0.7445395973295963
-0.3854453851853603  -0.058096544091855794  -0.746448833125923
-0.3765139115430923  -0.11613916071388625  -0.7545298669211482
-0.3625750502659188  -0.17460694162093032  -0.7706325009594507
-0.3405272837536408  -0.23216757094842502  -0.7892335381911996
-0.3062358953454298  -0.2841453863570297  -0.7999826680522969
-0.2592384383593741  -0.3250747197002728  -0.796212941483814
-0.20373671419938646  -0.35288234036047655  -0.7802943878253161
-0.14535522681310747  -0.3703590778046548  -0.7618884694376608
-0.08713696466680868  -0.3817719866893558  -0.7498782263257363
-0.02909409993136606  -0.3882337828678614  -0.7455359497904226
0.029094099931365986  -0.3882337828678614  -0.7455359497904226
0.08713696466680862  -0.3817719866893559  -0.7498782263257364
0.14535522681310772  -0.37035907780465477  -0.7618884694376608
0.2037367141993861  -0.3528823403604768  -0.7802943878253161
0.25923843835937405  -0.3250747197002728  -0.7962129414838138
0.30623589534543  -0.2841453863570295  -0.7999826680522969
0.34052728375364066  -0.2321675709484253  -0.7892335381911996
0.3625750502659188  -0.17460694162093043  -0.7706325009594505
0.3765139115430922  -0.11613916071388652  -0.7545298669211481
0.3854453851853603  -0.0580965440918563  -0.7464488331259231
0.4759386514531153  1.3533442754776495e-17  -0.6818613786996284
0.4685851863234175  0.07062785282780693  -0.6789091697859457
0.453791511769658  0.13997614351092014  -0.6803583242325503
0.4396834721836556  0.21174040051281456  -0.6991582274120094
0.41949912100571235  0.28600965792026445  -0.7273954828229486
0.38085044628645476  0.35337757215640797  -0.7443288943689801
0.32107791450987144  0.4026189700948351  -0.7377788408216016
0.24862719481230258  0.43063493355823307  -0.7123997234489707
0.1752008804710603  0.44640456311388843  -0.687041480783712
0.10527969655762734  0.46126048877816556  -0.6778270044187262
0.035487621441909825  0.4735493983273886  -0.6803407464153908
-0.0354876214419096  0.4735493983273887  -0.680340746415391
-0.10527969655762717  0.46126048877816545  -0.677827004418726
-0.17520088047106025  0.44640456311388843  -0.687041480783712
-0.2486271948123023  0.43063493355823307  -0.7123997234489705
-0.32107791450987155  0.4026189700948354  -0.737778840821602
-0.38085044628645476  0.353377572156408  -0.7443288943689802
-0.4194991210057124  0.28600965792026434  -0.7273954828229486
-0.4396834721836555  0.2117404005128146  -0.6991582274120093
-0.453791511769658  0.13997614351092036  -0.6803583242325504
-0.4685851863234175  0.07062785282780705  -0.6789091697859457
-0.4759386514531155  7.181911736403306e-17  -0.6818613786996287
-0.4685851863234176  -0.0706278528278067  -0.6789091697859457
-0.453791511769658  -0.13997614351091994  -0.6803583242325503
-0.4396834721836555  -0.21174040051281445  -0.6991582274120093
-0.41949912100571235  -0.28600965792026445  -0.7273954828229486
-0.3808504462864546  -0.353377572156408  -0.7443288943689801
-0.3210779145098715  -0.40261897009483516  -0.7377788408216019
-0.2486271948123028  -0.4306349335582332  -0.712399723448971
-0.17520088047106017  -0.44640456311388843  -0.687041480783712
-0.1052796965576273  -0.46126048877816545  -0.677827004418726
-0.03548762144190992  -0.4735493983273886  -0.6803407464153908
0.03548762144190982  -0.4735493983273886  -0.6803407464153908
0.10527969655762726  -0.4612604887781656  -0.6778270044187263
0.17520088047106047  -0.44640456311388843  -0.687041480783712
0.24862719481230217  -0.43063493355823335  -0.7123997234489707
0.32107791450987133  -0.40261897009483516  -0.7377788408216016
0.3808504462864548  -0.35337757215640786  -0.7443288943689801
0.41949912100571196  -0.2860096579202647  -0.7273954828229485
0.4396834721836556  -0.21174040051281467  -0.6991582274120094
0.4537915117696579  -0.13997614351092033  -0.6803583242325503
0.4685851863234175  -0.0706278528278073  -0.6789091697859457
0.5539152949756618  1.3533442754776495e-17  -0.6096420404082582
0.5478882601450271  0.08258086796815227  -0.6098198384278402
0.535372443409247  0.16514052825316733  -0.6166287680424308
0.5223772832534709  0.2515636410565026  -0.6381254247131702
0.4985480647382314  0.3399043152003405  -0.6640992862059091
0.45085802337500375  0.4183351109103382  -0.6769189098156279
0.38071432580274617  0.4774006645366402  -0.6720497369729654
0.2957933075941632  0.5123290372919396  -0.6511032904001559
0.20785843062145004  0.5296146438398395  -0.6261822495805348
0.12390777711627408  0.542875442320297  -0.6128571292029883
0.0413849192261471  0.5522433683375892  -0.6095062122863149
-0.04138491922614684  0.5522433683375892  -0.6095062122863149
-0.12390777711627393  0.542875442320297  -0.6128571292029883
-0.20785843062145  0.5296146438398395  -0.6261822495805348
-0.29579330759416295  0.5123290372919396  -0.6511032904001557
-0.38071432580274595  0.4774006645366401  -0.6720497369729653
-0.45085802337500386  0.4183351109103383  -0.676918909815628
-0.49854806473823154  0.33990431520034037  -0.6640992862059091
-0.5223772832534708  0.25156364105650275  -0.6381254247131702
-0.5353724434092467  0.1651405282531675  -0.6166287680424307
-0.547888260145027  0.08258086796815241  -0.60981983842784
-0.5539152949756618  8.136850205384712e-17  -0.6096420404082582
-0.5478882601450272  -0.08258086796815202  -0.6098198384278402
-0.535372443409247  -0.16514052825316713  -0.6166287680424308
-0.5223772832534709  -0.25156364105650253  -0.6381254247131702
-0.4985480647382314  -0.3399043152003405  -0.6640992862059091
-0.45085802337500375  -0.4183351109103384  -0.676918909815628
-0.38071432580274617  -0.4774006645366402  -0.6720497369729657
-0.2957933075941634  -0.5123290372919396  -0.651103290400156
-0.2078584306214499  -0.5296146438398396  -0.626182249580535
-0.12390777711627406  -0.542875442320297  -0.6128571292029883
-0.04138491922614723  -0.5522433683375895  -0.609506212286315
0.0413849192261471  -0.5522433683375895  -0.609506212286315
0.12390777711627393  -0.5428754423202967  -0.6128571292029881
0.20785843062145032  -0.5296146438398396  -0.626182249580535
0.2957933075941627  -0.5123290372919397  -0.6511032904001557
0.380714325802746  -0.4774006645366402  -0.6720497369729654
0.45085802337500397  -0.41833511091033815  -0.676918909815628
0.49854806473823127  -0.33990431520034103  -0.6640992862059092
0.5223772832534709  -0.2515636410565028  -0.6381254247131705
0.5353724434092467  -0.16514052825316752  -0.6166287680424307
0.547888260145027  -0.0825808679681527  -0.6098198384278402
0.6279996003637299  1.3533442754776495e-17  -0.5344322297609009
0.6329792938234052  0.09540627768875426  -0.5447544421606326
0.6263779520472988  0.19321200999536062  -0.5578352502451229
0.5937308533124703  0.28592570935822165  -0.5608065879440371
0.5421697224585393  0.36964505785693885  -0.5584225691603847
0.4766938352176133  0.442307241053949  -0.5533986586534295
0.4075666274160061  0.5110723857346243  -0.5562916421300751
0.3298423688139782  0.5713037412746822  -0.5613965121403688
0.24033288563793298  0.6123582057729615  -0.5598195135519324
0.144226974697845  0.6318996636517603  -0.5515804863927757
0.04717877654508889  0.6295570212650132  -0.5372598939107848
-0.04717877654508861  0.6295570212650135  -0.5372598939107849
-0.14422697469784485  0.6318996636517603  -0.5515804863927757
-0.240332885637933  0.6123582057729617  -0.5598195135519326
-0.32984236881397805  0.5713037412746824  -0.5613965121403691
-0.40756662741600613  0.5110723857346245  -0.5562916421300753
-0.4766938352176132  0.44230724105394886  -0.5533986586534294
-0.5421697224585394  0.36964505785693874  -0.5584225691603847
-0.5937308533124702  0.28592570935822165  -0.560806587944037
-0.6263779520472991  0.19321200999536092  -0.557835250245123
-0.6329792938234052  0.09540627768875443  -0.5447544421606326
-0.62799960036373  9.044121279990237e-17  -0.534432229760901
-0.6329792938234052  -0.09540627768875397  -0.5447544421606326
-0.6263779520472992  -0.19321200999536045  -0.557835250245123
-0.5937308533124702  -0.2859257093582215  -0.560806587944037
-0.5421697224585394  -0.36964505785693896  -0.5584225691603848
-0.4766938352176133  -0.44230724105394914  -0.5533986586534296
-0.40756662741600624  -0.5110723857346244  -0.5562916421300753
-0.32984236881397844  -0.5713037412746822  -0.5613965121403691
-0.24033288563793287  -0.6123582057729617  -0.5598195135519326
-0.14422697469784498  -0.6318996636517603  -0.5515804863927757
-0.04717877654508903  -0.6295570212650131  -0.5372598939107847
0.047178776545088875  -0.6295570212650132  -0.5372598939107848
0.1442269746978449  -0.6318996636517604  -0.5515804863927758
0.24033288563793329  -0.6123582057729615  -0.5598195135519325
0.3298423688139778  -0.5713037412746828  -0.5613965121403691
0.4075666274160061  -0.5110723857346245  -0.5562916421300753
0.4766938352176134  -0.4423072410539488  -0.5533986586534294
0.542169722458539  -0.3696450578569393  -0.5584225691603846
0.5937308533124702  -0.28592570935822176  -0.560806587944037
0.6263779520472988  -0.19321200999536092  -0.5578352502451229
0.6329792938234053  -0.09540627768875477  -0.5447544421606327
0.7175308799313723  1.3533442754776495e-17  -0.4669226016440318
0.719749088839948  0.1084847199681855  -0.47365641911957257
0.6917536017063179  0.2133777272497536  -0.4710770509391492
0.6208389660387353  0.2989802884109642  -0.4484081348187588
0.5455506269562028  0.3719501195136108  -0.4296687690381277
0.47171551869726  0.43768803836548625  -0.4187451186562795
0.40516340400306494  0.5080588388922539  -0.4228683268069701
0.3374102692776655  0.5844117293844125  -0.4391294790479513
0.2570921730234343  0.6550601736130182  -0.457925378826989
0.16156732351079334  0.7078726957801947  -0.4724838375020302
0.05409666053980698  0.7218697678028416  -0.47106325712422364
-0.05409666053980666  0.7218697678028416  -0.47106325712422364
-0.1615673235107932  0.707872695780195  -0.4724838375020303
-0.2570921730234343  0.6550601736130183  -0.4579253788269891
-0.3374102692776653  0.5844117293844129  -0.4391294790479516
-0.40516340400306494  0.5080588388922539  -0.4228683268069702
-0.47171551869726  0.43768803836548625  -0.4187451186562795
-0.545550626956203  0.37195011951361073  -0.4296687690381277
-0.6208389660387352  0.29898028841096425  -0.4484081348187588
-0.6917536017063178  0.2133777272497539  -0.4710770509391492
-0.719749088839948  0.10848471996818569  -0.47365641911957257
-0.7175308799313723  1.0140563229451039e-16  -0.4669226016440318
-0.7197490888399481  -0.10848471996818519  -0.4736564191195727
-0.6917536017063184  -0.2133777272497535  -0.47107705093914937
-0.6208389660387353  -0.29898028841096413  -0.4484081348187588
-0.5455506269562028  -0.3719501195136108  -0.4296687690381277
-0.4717155186972597  -0.43768803836548625  -0.4187451186562794
-0.4051634040030649  -0.5080588388922537  -0.42286832680697
-0.33741026927766565  -0.5844117293844124  -0.4391294790479513
-0.2570921730234342  -0.6550601736130183  -0.4579253788269891
-0.1615673235107934  -0.707872695780195  -0.4724838375020303
-0.05409666053980715  -0.7218697678028415  -0.47106325712422353
0.05409666053980696  -0.7218697678028416  -0.47106325712422364
0.16156732351079323  -0.707872695780195  -0.4724838375020303
0.2570921730234346  -0.6550601736130183  -0.4579253788269891
0.3374102692776651  -0.5844117293844131  -0.4391294790479516
0.40516340400306494  -0.5080588388922539  -0.4228683268069702
0.4717155186972599  -0.4376880383654861  -0.4187451186562794
0.5455506269562025  -0.3719501195136112  -0.4296687690381276
0.620838966038735  -0.29898028841096425  -0.44840813481875874
0.6917536017063179  -0.21337772724975404  -0.4710770509391493
0.719749088839948  -0.1084847199681861  -0.4736564191195727
0.825263057456653  1.3533442754776495e-17  -0.3973239324666555
0.7840419795712125  0.11817531403085806  -0.3817417326477554
0.7049631409587165  0.21745233048527082  -0.3551852720852947
0.6150141239010304  0.2961751922788849  -0.3286454512093462
0.5422924270395078  0.3697287164237171  -0.31599505640745634
0.47456746215297035  0.44033425517876085  -0.31168476300449743
0.40429140852425793  0.5069653911472086  -0.3121889152584383
0.33392588291655245  0.5783765951737648  -0.3215380689926823
0.2578589960096508  0.6570140067172087  -0.3398100083445477
0.1700389928433935  0.7449895042902117  -0.3679001547587493
0.060758632744389196  0.8107676088237675  -0.3914396251533542
-0.06075863274438884  0.8107676088237673  -0.3914396251533541
-0.17003899284339336  0.7449895042902118  -0.36790015475874943
-0.2578589960096508  0.6570140067172087  -0.3398100083445477
-0.33392588291655223  0.5783765951737649  -0.3215380689926823
-0.4042914085242578  0.5069653911472086  -0.3121889152584383
-0.4745674621529705  0.4403342551787609  -0.3116847630044975
-0.542292427039508  0.369728716423717  -0.31599505640745645
-0.6150141239010304  0.296175192278885  -0.32864545120934624
-0.7049631409587163  0.21745233048527104  -0.3551852720852946
-0.7840419795712124  0.11817531403085826  -0.3817417326477553
-0.8252630574566531  1.1459901893166134e-16  -0.3973239324666556
-0.7840419795712126  -0.11817531403085771  -0.3817417326477554
-0.7049631409587168  -0.2174523304852706  -0.3551852720852948
-0.6150141239010305  -0.2961751922788849  -0.3286454512093463
-0.5422924270395078  -0.3697287164237171  -0.31599505640745634
-0.47456746215297024  -0.44033425517876085  -0.31168476300449743
-0.404291408524258  -0.5069653911472086  -0.31218891525843834
-0.33392588291655256  -0.5783765951737646  -0.3215380689926822
-0.2578589960096507  -0.6570140067172088  -0.3398100083445478
-0.17003899284339358  -0.7449895042902118  -0.36790015475874943
-0.06075863274438941  -0.8107676088237675  -0.3914396251533542
0.060758632744389175  -0.8107676088237675  -0.3914396251533542
0.17003899284339333  -0.7449895042902117  -0.3679001547587493
0.257858996009651  -0.6570140067172086  -0.33981000834454766
0.333925882916552  -0.5783765951737653  -0.3215380689926823
0.40429140852425793  -0.5069653911472087  -0.31218891525843834
0.4745674621529705  -0.4403342551787607  -0.31168476300449743
0.5422924270395074  -0.3697287164237175  -0.31599505640745634
0.6150141239010303  -0.296175192278885  -0.3286454512093462
0.7049631409587162  -0.21745233048527107  -0.3551852720852946
0.7840419795712118  -0.11817531403085857  -0.38174173264775507
0.901323702896343  1.3533442754776495e-17  -0.29919098621690066
0.8027461833700814  0.12099451914387678  -0.26947840343864177
0.6956148318952806  0.2145687590276536  -0.24164219088456373
0.6163966969890475  0.2968410043867203  -0.22710057368985134
0.54271055520654  0.3700137913810448  -0.2180371061734752
0.4762224147694445  0.44186982680102344  -0.21564671106709243
0.4058923871484993  0.5089729548434531  -0.21609726214542982
0.3344365291628659  0.579261060417074  -0.2220298759827524
0.2570275507062803  0.6548955186342363  -0.2335333711883903
0.17025208237910355  0.7459231105467735  -0.2539740073326192
0.06365757127595567  0.849451255166719  -0.28276278594299414
-0.06365757127595531  0.8494512551667193  -0.2827627859429942
-0.17025208237910333  0.7459231105467733  -0.2539740073326192
-0.2570275507062802  0.6548955186342361  -0.2335333711883902
-0.33443652916286565  0.5792610604170741  -0.2220298759827524
-0.4058923871484993  0.5089729548434533  -0.21609726214542985
-0.4762224147694446  0.44186982680102344  -0.21564671106709243
-0.54271055520654  0.3700137913810446  -0.2180371061734752
-0.6163966969890474  0.2968410043867204  -0.22710057368985134
-0.6956148318952806  0.21456875902765388  -0.24164219088456373
-0.8027461833700812  0.120994519143877  -0.2694784034386417
-0.9013237028963432  1.2391376152954118e-16  -0.2991909862169007
-0.8027461833700819  -0.12099451914387649  -0.26947840343864193
-0.6956148318952807  -0.21456875902765338  -0.24164219088456373
-0.6163966969890475  -0.2968410043867203  -0.22710057368985134
-0.5427105552065401  -0.3700137913810449  -0.21803710617347527
-0.4762224147694444  -0.44186982680102355  -0.21564671106709243
-0.40589238714849946  -0.5089729548434533  -0.2160972621454299
-0.3344365291628661  -0.579261060417074  -0.2220298759827524
-0.25702755070628014  -0.6548955186342362  -0.23353337118839024
-0.17025208237910355  -0.7459231105467733  -0.2539740073326192
-0.06365757127595587  -0.8494512551667187  -0.28276278594299403
0.06365757127595564  -0.8494512551667189  -0.2827627859429941
0.17025208237910333  -0.7459231105467733  -0.2539740073326192
0.2570275507062806  -0.6548955186342361  -0.2335333711883902
0.3344365291628655  -0.5792610604170745  -0.22202987598275242
0.4058923871484993  -0.5089729548434533  -0.21609726214542985
0.47622241476944466  -0.4418698268010234  -0.21564671106709243
0.5427105552065397  -0.37001379138104523  -0.2180371061734752
0.6163966969890474  -0.29684100438672045  -0.22710057368985134
0.6956148318952803  -0.21456875902765388  -0.24164219088456365
0.8027461833700809  -0.12099451914387738  -0.2694784034386416
0.9175286715405985  1.3533442754776495e-17  -0.17865011609630826
0.793580329836861  0.11961298901172553  -0.1562617041378487
0.6949130161632068  0.21435227754423428  -0.14159578417652727
0.620935610046314  0.29902682971207395  -0.13419008896310075
0.542663886771476  0.3699819733807678  -0.12788187863393666
0.4724832592397934  0.43840039748600695  -0.12549758740113764
0.4048241627843471  0.5076334438590812  -0.12642143934338165
0.3350812957106643  0.5803778288368817  -0.1304859765960193
0.2579063029295287  0.6571345427832579  -0.13745076847439816
0.16933044949716297  0.7418851730574185  -0.14816575748948166
0.06378905310932947  0.8512057583020465  -0.16620125079418127
-0.06378905310932913  0.8512057583020467  -0.16620125079418133
-0.1693304494971628  0.7418851730574186  -0.1481657574894817
-0.25790630292952865  0.6571345427832579  -0.13745076847439816
-0.3350812957106641  0.5803778288368818  -0.1304859765960193
-0.40482416278434696  0.5076334438590813  -0.12642143934338165
-0.4724832592397934  0.43840039748600695  -0.12549758740113764
-0.5426638867714761  0.36998197338076766  -0.12788187863393666
-0.6209356100463139  0.299026829712074  -0.13419008896310072
-0.6949130161632067  0.21435227754423455  -0.14159578417652724
-0.7935803298368608  0.11961298901172572  -0.15626170413784868
-0.9175286715405985  1.258982978275882e-16  -0.17865011609630826
-0.7935803298368616  -0.11961298901172521  -0.15626170413784882
-0.6949130161632069  -0.21435227754423405  -0.14159578417652727
-0.6209356100463141  -0.2990268297120739  -0.13419008896310075
-0.542663886771476  -0.3699819733807678  -0.12788187863393666
-0.4724832592397934  -0.438400397486007  -0.12549758740113764
-0.40482416278434696  -0.507633443859081  -0.12642143934338163
-0.33508129571066453  -0.5803778288368815  -0.1304859765960193
-0.2579063029295285  -0.6571345427832579  -0.13745076847439816
-0.16933044949716294  -0.7418851730574184  -0.14816575748948163
-0.06378905310932965  -0.8512057583020461  -0.16620125079418122
0.06378905310932943  -0.8512057583020464  -0.16620125079418124
0.16933044949716278  -0.7418851730574185  -0.14816575748948166
0.2579063029295289  -0.6571345427832577  -0.13745076847439813
0.33508129571066386  -0.580377828836882  -0.1304859765960193
0.4048241627843469  -0.5076334438590813  -0.12642143934338165
0.4724832592397937  -0.43840039748600695  -0.12549758740113767
0.5426638867714757  -0.36998197338076827  -0.12788187863393666
0.6209356100463139  -0.29902682971207406  -0.13419008896310075
0.6949130161632066  -0.21435227754423458  -0.1415957841765272
0.7935803298368603  -0.11961298901172608  -0.15626170413784862
0.9142833793729668  1.3533442754776495e-17  -0.05868668034865494
0.7926360016174098  0.11947065443425443  -0.05145297806462702
0.7013121628686746  0.2163261528908641  -0.04710926281404753
0.6141620698965976  0.29576486469649677  -0.04375542694743589
0.5442376235672421  0.3710549289605901  -0.042280655207433536
0.4743287592868838  0.4401127712863119  -0.041533972358742705
0.40588343960764534  0.5089617349821025  -0.04178599009333814
0.33410640975696315  0.578689276833486  -0.04289172594451168
0.2575135949150051  0.6561339390809054  -0.045243942183453276
0.17001294364961866  0.7448753753152457  -0.0490421873439249
0.06367716731671662  0.8497127461580818  -0.05469491208436929
-0.06367716731671627  0.8497127461580819  -0.054694912084369295
-0.17001294364961853  0.7448753753152458  -0.04904218734392492
-0.25751359491500514  0.6561339390809057  -0.04524394218345329
-0.33410640975696293  0.5786892768334861  -0.04289172594451169
-0.40588343960764517  0.5089617349821025  -0.04178599009333813
-0.4743287592868839  0.44011277128631193  -0.041533972358742705
-0.5442376235672421  0.3710549289605899  -0.04228065520743353
-0.6141620698965976  0.2957648646964968  -0.043755426947435894
-0.7013121628686745  0.21632615289086432  -0.04710926281404752
-0.7926360016174093  0.11947065443425461  -0.051452978064627
-0.9142833793729668  1.2550086416104942e-16  -0.05868668034865494
-0.79263600161741  -0.1194706544342541  -0.05145297806462703
-0.7013121628686748  -0.2163261528908639  -0.047109262814047544
-0.6141620698965979  -0.2957648646964968  -0.0437554269474359
-0.5442376235672423  -0.37105492896059017  -0.042280655207433536
-0.4743287592868839  -0.4401127712863121  -0.04153397235874271
-0.4058834396076452  -0.5089617349821024  -0.04178599009333813
-0.33410640975696326  -0.5786892768334858  -0.04289172594451167
-0.2575135949150049  -0.6561339390809054  -0.045243942183453276
-0.1700129436496187  -0.7448753753152457  -0.0490421873439249
-0.06367716731671684  -0.8497127461580818  -0.05469491208436929
0.0636771673167166  -0.8497127461580819  -0.054694912084369295
0.1700129436496185  -0.7448753753152456  -0.049042187343924896
0.25751359491500536  -0.6561339390809054  -0.045243942183453276
0.3341064097569627  -0.5786892768334865  -0.0428917259445117
0.40588343960764517  -0.5089617349821026  -0.04178599009333814
0.47432875928688406  -0.4401127712863119  -0.041533972358742705
0.5442376235672418  -0.3710549289605905  -0.04228065520743353
0.6141620698965976  -0.29576486469649693  -0.043755426947435894
0.7013121628686745  -0.2163261528908644  -0.04710926281404752
0.7926360016174091  -0.11947065443425499  -0.05145297806462699
0.9142833793729668  1.3533442754776495e-17  0.058686680348654485
0.7926360016174095  0.1194706544342544  0.051452978064626544
0.7013121628686746  0.2163261528908641  0.04710926281404707
0.6141620698965976  0.29576486469649677  0.04375542694743542
0.5442376235672421  0.3710549289605901  0.042280655207433064
0.4743287592868838  0.4401127712863119  0.04153397235874223
0.40588343960764534  0.5089617349821025  0.041785990093337666
0.33410640975696315  0.578689276833486  0.04289172594451121
0.25751359491500514  0.6561339390809056  0.045243942183452825
0.17001294364961866  0.7448753753152457  0.049042187343924445
0.06367716731671662  0.8497127461580818  0.05469491208436883
-0.06367716731671627  0.8497127461580819  0.054694912084368844
-0.17001294364961853  0.7448753753152458  0.04904218734392445
-0.25751359491500514  0.6561339390809057  0.04524394218345283
-0.33410640975696293  0.5786892768334861  0.04289172594451122
-0.40588343960764517  0.5089617349821025  0.04178599009333766
-0.4743287592868839  0.44011277128631193  0.04153397235874223
-0.5442376235672421  0.3710549289605899  0.04228065520743306
-0.6141620698965976  0.2957648646964968  0.04375542694743542
-0.7013121628686744  0.21632615289086432  0.04710926281404706
-0.7926360016174093  0.11947065443425461  0.05145297806462653
-0.9142833793729668  1.2550086416104942e-16  0.058686680348654485
-0.79263600161741  -0.1194706544342541  0.051452978064626564
-0.7013121628686748  -0.2163261528908639  0.04710926281404708
-0.6141620698965979  -0.2957648646964968  0.043755426947435436
-0.5442376235672421  -0.3710549289605901  0.042280655207433064
-0.4743287592868839  -0.4401127712863121  0.04153397235874224
-0.4058834396076452  -0.5089617349821024  0.04178599009333766
-0.33410640975696326  -0.5786892768334858  0.042891725944511204
-0.2575135949150049  -0.6561339390809054  0.04524394218345281
-0.1700129436496187  -0.7448753753152457  0.049042187343924445
-0.06367716731671684  -0.8497127461580818  0.05469491208436883
0.0636771673167166  -0.8497127461580819  0.054694912084368844
0.1700129436496185  -0.7448753753152456  0.04904218734392444
0.25751359491500536  -0.6561339390809054  0.04524394218345281
0.3341064097569627  -0.5786892768334865  0.042891725944511225
0.40588343960764517  -0.5089617349821026  0.041785990093337666
0.47432875928688406  -0.4401127712863119  0.04153397235874223
0.5442376235672417  -0.37105492896059045  0.04228065520743305
0.6141620698965976  -0.29576486469649693  0.04375542694743542
0.7013121628686744  -0.2163261528908644  0.04710926281404706
0.7926360016174091  -0.11947065443425499  0.05145297806462652
0.9175286715405985  1.3533442754776495e-17  0.17865011609630782
0.793580329836861  0.11961298901172553  0.15626170413784826
0.6949130161632068  0.21435227754423428  0.1415957841765268
0.620935610046314  0.29902682971207395  0.1341900889631003
0.542663886771476  0.3699819733807678  0.1278818786339362
0.4724832592397934  0.43840039748600695  0.12549758740113717
0.4048241627843471  0.5076334438590812  0.12642143934338118
0.3350812957106643  0.5803778288368817  0.13048597659601882
0.2579063029295287  0.6571345427832579  0.13745076847439772
0.16933044949716297  0.7418851730574185  0.14816575748948121
0.06378905310932947  0.8512057583020465  0.16620125079418083
-0.06378905310932913  0.8512057583020467  0.16620125079418088
-0.1693304494971628  0.7418851730574186  0.14816575748948124
-0.25790630292952865  0.6571345427832579  0.13745076847439772
-0.33508129571066403  0.5803778288368817  0.1304859765960188
-0.40482416278434696  0.5076334438590812  0.12642143934338118
-0.4724832592397934  0.43840039748600695  0.12549758740113717
-0.5426638867714761  0.36998197338076766  0.1278818786339362
-0.6209356100463139  0.299026829712074  0.13419008896310028
-0.6949130161632067  0.21435227754423455  0.1415957841765268
-0.7935803298368608  0.11961298901172572  0.15626170413784823
-0.9175286715405985  1.258982978275882e-16  0.17865011609630782
-0.7935803298368614  -0.1196129890117252  0.15626170413784835
-0.694913016163207  -0.2143522775442341  0.14159578417652682
-0.6209356100463141  -0.2990268297120739  0.1341900889631003
-0.542663886771476  -0.3699819733807678  0.1278818786339362
-0.4724832592397934  -0.4384003974860071  0.1254975874011372
-0.4048241627843471  -0.5076334438590812  0.12642143934338118
-0.33508129571066453  -0.5803778288368815  0.13048597659601882
-0.25790630292952854  -0.6571345427832579  0.13745076847439772
-0.16933044949716294  -0.7418851730574184  0.1481657574894812
-0.06378905310932965  -0.8512057583020461  0.16620125079418077
0.06378905310932943  -0.8512057583020464  0.1662012507941808
0.16933044949716275  -0.7418851730574184  0.1481657574894812
0.2579063029295289  -0.6571345427832577  0.1374507684743977
0.33508129571066386  -0.580377828836882  0.13048597659601885
0.4048241627843469  -0.5076334438590813  0.12642143934338118
0.4724832592397937  -0.43840039748600695  0.1254975874011372
0.5426638867714757  -0.36998197338076827  0.1278818786339362
0.6209356100463139  -0.29902682971207406  0.1341900889631003
0.6949130161632066  -0.21435227754423458  0.14159578417652677
0.7935803298368603  -0.11961298901172608  0.15626170413784818
0.901323702896343  1.3533442754776495e-17  0.2991909862169002
0.8027461833700815  0.12099451914387682  0.2694784034386414
0.6956148318952806  0.2145687590276536  0.24164219088456326
0.6163966969890475  0.2968410043867203  0.2271005736898509
0.54271055520654  0.37001379138104473  0.2180371061734747
0.4762224147694446  0.44186982680102344  0.215646711067092
0.4058923871484994  0.5089729548434533  0.2160972621454294
0.334436529162866  0.5792610604170741  0.22202987598275198
0.25702755070628036  0.6548955186342365  0.23353337118838985
0.17025208237910355  0.7459231105467735  0.25397400733261877
0.06365757127595567  0.849451255166719  0.2827627859429937
-0.06365757127595531  0.8494512551667193  0.28276278594299376
-0.17025208237910333  0.7459231105467733  0.25397400733261877
-0.2570275507062802  0.6548955186342361  0.2335333711883897
-0.3344365291628657  0.5792610604170743  0.22202987598275198
-0.4058923871484993  0.5089729548434532  0.21609726214542938
-0.4762224147694446  0.44186982680102344  0.215646711067092
-0.54271055520654  0.3700137913810446  0.21803710617347474
-0.6163966969890474  0.2968410043867204  0.2271005736898509
-0.6956148318952805  0.21456875902765382  0.24164219088456326
-0.8027461833700812  0.120994519143877  0.26947840343864127
-0.9013237028963432  1.2391376152954118e-16  0.29919098621690027
-0.8027461833700819  -0.12099451914387649  0.2694784034386415
-0.6956148318952807  -0.21456875902765338  0.2416421908845633
-0.6163966969890475  -0.2968410043867203  0.2271005736898509
-0.54271055520654  -0.37001379138104484  0.2180371061734748
-0.4762224147694444  -0.44186982680102355  0.21564671106709193
-0.40589238714849946  -0.5089729548434532  0.21609726214542946
-0.3344365291628661  -0.579261060417074  0.22202987598275195
-0.25702755070628014  -0.6548955186342362  0.2335333711883898
-0.17025208237910355  -0.7459231105467733  0.25397400733261877
-0.06365757127595587  -0.8494512551667187  0.2827627859429936
0.06365757127595564  -0.8494512551667189  0.28276278594299364
0.17025208237910333  -0.7459231105467733  0.25397400733261877
0.2570275507062806  -0.6548955186342361  0.23353337118838977
0.3344365291628655  -0.5792610604170745  0.22202987598275198
0.4058923871484994  -0.5089729548434533  0.21609726214542946
0.47622241476944466  -0.44186982680102327  0.21564671106709193
0.5427105552065398  -0.3700137913810453  0.21803710617347474
0.6163966969890475  -0.29684100438672045  0.22710057368985095
0.6956148318952803  -0.21456875902765388  0.24164219088456318
0.8027461833700809  -0.12099451914387738  0.2694784034386412
0.8252630574566525  1.3533442754776495e-17  0.397323932466655
0.7840419795712122  0.11817531403085804  0.3817417326477549
0.7049631409587165  0.2174523304852707  0.35518527208529427
0.6150141239010303  0.29617519227888484  0.32864545120934574
0.5422924270395078  0.3697287164237171  0.31599505640745595
0.47456746215297035  0.44033425517876074  0.311684763004497
0.40429140852425793  0.5069653911472085  0.31218891525843784
0.3339258829165524  0.5783765951737647  0.3215380689926818
0.2578589960096508  0.6570140067172087  0.33981000834454733
0.1700389928433935  0.7449895042902116  0.3679001547587489
0.060758632744389175  0.8107676088237671  0.3914396251533536
-0.06075863274438884  0.8107676088237675  0.39143962515335373
-0.1700389928433933  0.7449895042902116  0.3679001547587489
-0.2578589960096508  0.6570140067172086  0.3398100083445473
-0.33392588291655223  0.5783765951737649  0.3215380689926819
-0.4042914085242578  0.5069653911472086  0.31218891525843784
-0.47456746215297035  0.44033425517876074  0.311684763004497
-0.542292427039508  0.369728716423717  0.31599505640745607
-0.6150141239010302  0.29617519227888495  0.32864545120934574
-0.704963140958716  0.217452330485271  0.35518527208529416
-0.784041979571212  0.11817531403085824  0.3817417326477548
-0.825263057456653  1.1459901893166131e-16  0.39732393246665515
-0.7840419795712127  -0.11817531403085771  0.381741732647755
-0.7049631409587169  -0.2174523304852707  0.3551852720852945
-0.6150141239010304  -0.29617519227888484  0.32864545120934585
-0.5422924270395078  -0.369728716423717  0.3159950564074559
-0.47456746215297035  -0.4403342551787609  0.311684763004497
-0.404291408524258  -0.5069653911472086  0.3121889152584379
-0.33392588291655245  -0.5783765951737644  0.32153806899268167
-0.25785899600965073  -0.6570140067172088  0.3398100083445474
-0.1700389928433935  -0.7449895042902116  0.3679001547587489
-0.06075863274438936  -0.8107676088237671  0.3914396251533536
0.06075863274438917  -0.8107676088237673  0.3914396251533537
0.1700389928433933  -0.7449895042902116  0.3679001547587489
0.257858996009651  -0.6570140067172083  0.33981000834454717
0.333925882916552  -0.5783765951737653  0.32153806899268195
0.4042914085242578  -0.5069653911472087  0.3121889152584379
0.47456746215297035  -0.44033425517876057  0.311684763004497
0.5422924270395074  -0.36972871642371746  0.31599505640745595
0.6150141239010302  -0.296175192278885  0.32864545120934574
0.704963140958716  -0.21745233048527104  0.35518527208529416
0.7840419795712119  -0.1181753140308586  0.38174173264775474
0.7175308799313722  1.3533442754776495e-17  0.46692260164403127
0.719749088839948  0.10848471996818553  0.47365641911957224
0.691753601706318  0.21337772724975368  0.47107705093914903
0.6208389660387353  0.2989802884109642  0.44840813481875846
0.5455506269562029  0.3719501195136109  0.4296687690381274
0.4717155186972598  0.43768803836548625  0.41874511865627906
0.40516340400306494  0.5080588388922538  0.4228683268069697
0.3374102692776656  0.5844117293844128  0.43912947904795113
0.25709217302343434  0.6550601736130183  0.45792537882698875
0.1615673235107933  0.7078726957801947  0.47248383750202977
0.054096660539806975  0.7218697678028415  0.47106325712422326
-0.05409666053980664  0.7218697678028414  0.4710632571242231
-0.16156732351079317  0.7078726957801947  0.47248383750202977
-0.25709217302343434  0.6550601736130183  0.45792537882698875
-0.33741026927766526  0.5844117293844129  0.43912947904795113
-0.4051634040030649  0.5080588388922539  0.4228683268069697
-0.4717155186972599  0.43768803836548625  0.41874511865627906
-0.545550626956203  0.37195011951361073  0.4296687690381274
-0.6208389660387353  0.29898028841096425  0.44840813481875846
-0.6917536017063177  0.21337772724975387  0.47107705093914876
-0.7197490888399478  0.10848471996818569  0.4736564191195721
-0.7175308799313722  1.0140563229451038e-16  0.46692260164403127
-0.7197490888399483  -0.10848471996818519  0.47365641911957235
-0.6917536017063184  -0.2133777272497535  0.47107705093914914
-0.6208389660387353  -0.29898028841096413  0.44840813481875846
-0.5455506269562028  -0.3719501195136108  0.42966876903812723
-0.4717155186972598  -0.43768803836548636  0.41874511865627906
-0.40516340400306494  -0.5080588388922537  0.4228683268069697
-0.3374102692776657  -0.5844117293844125  0.4391294790479511
-0.25709217302343423  -0.6550601736130183  0.45792537882698875
-0.16156732351079334  -0.7078726957801947  0.47248383750202977
-0.05409666053980712  -0.7218697678028412  0.47106325712422303
0.05409666053980696  -0.7218697678028415  0.47106325712422326
0.1615673235107932  -0.7078726957801947  0.47248383750202977
0.25709217302343457  -0.6550601736130182  0.45792537882698864
0.33741026927766504  -0.5844117293844131  0.43912947904795113
0.4051634040030649  -0.508058838892254  0.42286832680696984
0.4717155186972601  -0.4376880383654861  0.41874511865627906
0.5455506269562026  -0.3719501195136113  0.42966876903812734
0.620838966038735  -0.2989802884109642  0.4484081348187583
0.6917536017063179  -0.21337772724975398  0.47107705093914887
0.7197490888399478  -0.10848471996818605  0.4736564191195721
0.6279996003637298  1.3533442754776495e-17  0.5344322297609005
0.6329792938234052  0.09540627768875425  0.5447544421606323
0.6263779520472987  0.1932120099953606  0.5578352502451226
0.5937308533124703  0.28592570935822165  0.560806587944037
0.5421697224585393  0.3696450578569389  0.5584225691603845
0.4766938352176133  0.4423072410539491  0.5533986586534293
0.40756662741600624  0.5110723857346245  0.5562916421300751
0.3298423688139782  0.5713037412746822  0.5613965121403687
0.24033288563793298  0.6123582057729615  0.559819513551932
0.144226974697845  0.6318996636517603  0.5515804863927755
0.04717877654508886  0.6295570212650129  0.5372598939107842
-0.04717877654508859  0.6295570212650131  0.5372598939107843
-0.14422697469784482  0.6318996636517603  0.5515804863927753
-0.24033288563793292  0.6123582057729615  0.559819513551932
-0.329842368813978  0.5713037412746822  0.5613965121403687
-0.40756662741600613  0.5110723857346247  0.5562916421300751
-0.4766938352176132  0.442307241053949  0.5533986586534292
-0.5421697224585393  0.3696450578569387  0.5584225691603844
-0.5937308533124702  0.28592570935822165  0.5608065879440369
-0.626377952047299  0.1932120099953609  0.5578352502451227
-0.6329792938234052  0.09540627768875443  0.5447544421606323
-0.6279996003637299  9.044121279990237e-17  0.5344322297609007
-0.6329792938234051  -0.09540627768875393  0.5447544421606321
-0.6263779520472991  -0.1932120099953604  0.5578352502451227
-0.5937308533124702  -0.28592570935822154  0.5608065879440369
-0.5421697224585393  -0.3696450578569389  0.5584225691603845
-0.4766938352176131  -0.442307241053949  0.5533986586534291
-0.40756662741600613  -0.5110723857346243  0.556291642130075
-0.3298423688139783  -0.5713037412746821  0.5613965121403687
-0.24033288563793284  -0.6123582057729616  0.5598195135519323
-0.14422697469784498  -0.6318996636517603  0.5515804863927753
-0.047178776545089014  -0.6295570212650129  0.5372598939107842
0.04717877654508886  -0.6295570212650131  0.5372598939107843
0.14422697469784482  -0.6318996636517603  0.5515804863927753
0.24033288563793329  -0.6123582057729615  0.5598195135519323
0.32984236881397777  -0.5713037412746826  0.5613965121403687
0.4075666274160061  -0.5110723857346247  0.5562916421300751
0.4766938352176134  -0.4423072410539488  0.5533986586534292
0.542169722458539  -0.3696450578569393  0.5584225691603844
0.5937308533124702  -0.28592570935822176  0.5608065879440369
0.6263779520472987  -0.19321200999536087  0.5578352502451226
0.6329792938234052  -0.09540627768875476  0.5447544421606324
0.5539152949756619  1.3533442754776495e-17  0.6096420404082576
0.5478882601450271  0.08258086796815227  0.6098198384278395
0.535372443409247  0.16514052825316733  0.61662876804243
0.5223772832534709  0.25156364105650264  0.6381254247131697
0.49854806473823166  0.33990431520034065  0.6640992862059085
0.45085802337500397  0.4183351109103384  0.6769189098156275
0.3807143258027464  0.4774006645366404  0.6720497369729651
0.2957933075941632  0.5123290372919396  0.6511032904001551
0.20785843062145004  0.5296146438398396  0.6261822495805341
0.12390777711627406  0.5428754423202968  0.6128571292029874
0.041384919226147114  0.5522433683375895  0.6095062122863143
-0.04138491922614686  0.5522433683375896  0.6095062122863144
-0.12390777711627393  0.5428754423202969  0.6128571292029875
-0.20785843062145  0.5296146438398395  0.6261822495805341
-0.29579330759416306  0.5123290372919397  0.6511032904001552
-0.38071432580274606  0.47740066453664026  0.6720497369729649
-0.45085802337500397  0.4183351109103384  0.6769189098156275
-0.4985480647382317  0.3399043152003405  0.6640992862059085
-0.5223772832534709  0.25156364105650275  0.6381254247131697
-0.5353724434092468  0.16514052825316752  0.61662876804243
-0.5478882601450271  0.08258086796815241  0.6098198384278395
-0.5539152949756618  8.136850205384712e-17  0.6096420404082575
-0.5478882601450273  -0.08258086796815203  0.6098198384278395
-0.5353724434092471  -0.16514052825316713  0.6166287680424302
-0.5223772832534709  -0.2515636410565026  0.6381254247131697
-0.49854806473823154  -0.3399043152003406  0.6640992862059083
-0.45085802337500386  -0.4183351109103385  0.6769189098156273
-0.3807143258027461  -0.4774006645366402  0.6720497369729649
-0.29579330759416345  -0.5123290372919396  0.6511032904001554
-0.20785843062144996  -0.5296146438398397  0.6261822495805344
-0.12390777711627406  -0.5428754423202969  0.6128571292029875
-0.04138491922614723  -0.5522433683375895  0.6095062122863143
0.0413849192261471  -0.5522433683375895  0.6095062122863143
0.12390777711627395  -0.5428754423202969  0.6128571292029875
0.20785843062145026  -0.5296146438398396  0.6261822495805341
0.29579330759416284  -0.5123290372919399  0.6511032904001552
0.3807143258027461  -0.47740066453664026  0.6720497369729649
0.45085802337500397  -0.4183351109103382  0.6769189098156272
0.4985480647382314  -0.33990431520034114  0.6640992862059086
0.522377283253471  -0.25156364105650286  0.6381254247131698
0.535372443409247  -0.16514052825316758  0.6166287680424302
0.5478882601450271  -0.08258086796815271  0.6098198384278395
0.4759386514531151  1.3533442754776495e-17  0.6818613786996279
0.4685851863234175  0.07062785282780693  0.6789091697859455
0.4537915117696579  0.1399761435109201  0.6803583242325498
0.4396834721836555  0.2117404005128145  0.699158227412009
0.41949912100571224  0.28600965792026434  0.7273954828229482
0.3808504462864547  0.35337757215640786  0.7443288943689796
0.3210779145098715  0.40261897009483516  0.7377788408216015
0.24862719481230253  0.43063493355823296  0.7123997234489703
0.17520088047106028  0.4464045631138883  0.6870414807837115
0.10527969655762733  0.46126048877816545  0.6778270044187258
0.03548762144190982  0.4735493983273885  0.6803407464153903
-0.03548762144190958  0.4735493983273885  0.6803407464153903
-0.10527969655762717  0.46126048877816533  0.6778270044187256
-0.17520088047106022  0.4464045631138883  0.6870414807837115
-0.2486271948123023  0.43063493355823296  0.7123997234489703
-0.3210779145098714  0.40261897009483516  0.7377788408216015
-0.3808504462864546  0.35337757215640786  0.7443288943689796
-0.41949912100571235  0.2860096579202643  0.7273954828229482
-0.4396834721836554  0.2117404005128145  0.6991582274120088
-0.4537915117696579  0.1399761435109203  0.6803583242325499
-0.46858518632341745  0.07062785282780704  0.6789091697859453
-0.47593865145311537  7.181911736403304e-17  0.6818613786996283
-0.4685851863234175  -0.07062785282780669  0.6789091697859453
-0.45379151176965804  -0.13997614351092  0.6803583242325502
-0.4396834721836554  -0.21174040051281443  0.6991582274120088
-0.41949912100571224  -0.28600965792026434  0.7273954828229482
-0.3808504462864546  -0.35337757215640797  0.7443288943689796
-0.3210779145098714  -0.4026189700948351  0.7377788408216015
-0.24862719481230275  -0.43063493355823307  0.7123997234489705
-0.1752008804710602  -0.44640456311388854  0.6870414807837117
-0.10527969655762728  -0.46126048877816533  0.6778270044187256
-0.03548762144190991  -0.4735493983273885  0.6803407464153903
0.03548762144190982  -0.4735493983273886  0.6803407464153906
0.10527969655762726  -0.4612604887781656  0.677827004418726
0.1752008804710605  -0.44640456311388843  0.6870414807837117
0.24862719481230214  -0.43063493355823323  0.7123997234489703
0.3210779145098713  -0.402618970094835  0.7377788408216012
0.3808504462864548  -0.35337757215640775  0.7443288943689796
0.4194991210057119  -0.28600965792026467  0.7273954828229481
0.4396834721836555  -0.2117404005128146  0.699158227412009
0.45379151176965776  -0.1399761435109203  0.6803583242325498
0.4685851863234173  -0.07062785282780727  0.6789091697859452
0.3888021073021605  1.3533442754776495e-17  0.7445395973295956
0.3854453851853603  0.05809654409185598  0.7464488331259225
0.3765139115430922  0.11613916071388636  0.7545298669211475
0.3625750502659189  0.1746069416209304  0.7706325009594501
0.3405272837536409  0.23216757094842502  0.7892335381911991
0.3062358953454298  0.2841453863570295  0.799982668052296
0.2592384383593741  0.3250747197002727  0.7962129414838134
0.2037367141993864  0.3528823403604766  0.7802943878253156
0.14535522681310759  0.37035907780465477  0.7618884694376603
0.0871369646668087  0.38177198668935586  0.7498782263257359
0.029094099931365993  0.38823378286786137  0.7455359497904221
-0.029094099931365792  0.38823378286786137  0.7455359497904221
-0.08713696466680856  0.38177198668935575  0.7498782263257359
-0.1453552268131075  0.37035907780465477  0.7618884694376602
-0.2037367141993862  0.35288234036047667  0.7802943878253156
-0.25923843835937393  0.3250747197002727  0.7962129414838133
-0.30623589534542967  0.2841453863570295  0.799982668052296
-0.3405272837536408  0.23216757094842488  0.789233538191199
-0.3625750502659188  0.17460694162093046  0.7706325009594501
-0.3765139115430921  0.11613916071388652  0.7545298669211475
-0.38544538518536026  0.058096544091856106  0.7464488331259226
-0.3888021073021605  6.114796837571017e-17  0.7445395973295957
-0.38544538518536026  -0.058096544091855794  0.7464488331259225
-0.3765139115430922  -0.11613916071388625  0.7545298669211477
-0.3625750502659188  -0.17460694162093032  0.7706325009594501
-0.3405272837536407  -0.23216757094842497  0.789233538191199
-0.3062358953454296  -0.2841453863570296  0.799982668052296
-0.25923843835937405  -0.3250747197002727  0.7962129414838135
-0.2037367141993864  -0.35288234036047644  0.7802943878253156
-0.14535522681310747  -0.37035907780465477  0.7618884694376603
-0.08713696466680868  -0.38177198668935575  0.7498782263257359
-0.029094099931366052  -0.38823378286786137  0.7455359497904221
0.02909409993136598  -0.38823378286786137  0.7455359497904221
0.08713696466680858  -0.3817719866893557  0.7498782263257356
0.14535522681310775  -0.37035907780465477  0.7618884694376603
0.20373671419938605  -0.3528823403604768  0.7802943878253156
0.259238438359374  -0.32507471970027274  0.7962129414838134
0.30623589534542994  -0.28414538635702946  0.7999826680522962
0.34052728375364066  -0.23216757094842533  0.7892335381911991
0.36257505026591885  -0.17460694162093046  0.7706325009594501
0.37651391154309216  -0.11613916071388652  0.7545298669211475
0.38544538518536026  -0.05809654409185627  0.7464488331259225
0.2986907375397614  1.3533442754776495e-17  0.8102367179899745
0.29699099167196485  0.044764189443484544  0.8147257540789742
0.29128069855551253  0.08984819637539475  0.8268716286702756
0.27993175742839604  0.1348080293757014  0.8428155723615
0.2610259029916743  0.17796444732469488  0.8569750934525436
0.23348990105948578  0.21664696776377523  0.8640195301729555
0.19794735293864277  0.2482181295303788  0.8612128662336584
0.15662085866477704  0.271275284732458  0.8497081063749278
0.11232090380593171  0.2861889954960942  0.8339736182957209
0.06723882494113335  0.2945925403597653  0.8196706910385904
0.022352106713776392  0.2982681356366708  0.8113590809821957
-0.02235210671377622  0.2982681356366708  0.8113590809821957
-0.06723882494113324  0.2945925403597653  0.8196706910385904
-0.11232090380593165  0.2861889954960942  0.8339736182957209
-0.15662085866477685  0.27127528473245793  0.8497081063749277
-0.19794735293864263  0.2482181295303788  0.8612128662336584
-0.23348990105948567  0.21664696776377523  0.8640195301729555
-0.2610259029916743  0.17796444732469482  0.8569750934525436
-0.2799317574283959  0.1348080293757014  0.8428155723615
-0.2912806985555124  0.08984819637539487  0.8268716286702756
-0.29699099167196474  0.04476418944348463  0.8147257540789742
-0.2986907375397614  5.011250832107959e-17  0.8102367179899747
-0.29699099167196485  -0.044764189443484405  0.8147257540789743
-0.2912806985555125  -0.08984819637539464  0.8268716286702756
-0.27993175742839593  -0.1348080293757013  0.8428155723615
-0.2610259029916742  -0.17796444732469485  0.8569750934525436
-0.23348990105948558  -0.21664696776377523  0.8640195301729553
-0.1979473529386427  -0.2482181295303788  0.8612128662336584
-0.1566208586647771  -0.2712752847324579  0.8497081063749278
-0.11232090380593157  -0.2861889954960942  0.8339736182957209
-0.06723882494113333  -0.2945925403597653  0.8196706910385904
-0.02235210671377642  -0.29826813563667076  0.8113590809821954
0.022352106713776382  -0.2982681356366708  0.8113590809821957
0.06723882494113329  -0.2945925403597653  0.8196706910385904
0.11232090380593182  -0.2861889954960942  0.8339736182957209
0.15662085866477682  -0.2712752847324581  0.8497081063749278
0.19794735293864268  -0.2482181295303788  0.8612128662336584
0.2334899010594858  -0.21664696776377515  0.8640195301729555
0.26102590299167416  -0.17796444732469505  0.8569750934525436
0.279931757428396  -0.1348080293757014  0.8428155723615
0.29128069855551253  -0.08984819637539487  0.8268716286702756
0.29699099167196485  -0.04476418944348477  0.8147257540789742
0.20625430891820912  1.3533442754776495e-17  0.8999491835499857
0.20441701271538518  0.03081090719670633  0.9020071861976691
0.1987353662917907  0.061301741948129124  0.9074575843720667
0.18880983357515965  0.09092602363107041  0.9143864501313699
0.17428200126509452  0.11882345651639643  0.9203688749608439
0.1551226231073949  0.14393276015487322  0.9233266907735218
0.13178481571913322  0.16525293201798147  0.9222549105623701
0.10514511086267753  0.18211667418161967  0.9175590771552153
0.07626949494271627  0.1943315037988298  0.9108930434752001
0.0461314887461921  0.2021152581446285  0.9045686939083436
0.015427236328971129  0.20586216220203066  0.9007568290288462
-0.01542723632897099  0.2058621622020306  0.900756829028846
-0.046131488746192016  0.20211525814462855  0.9045686939083438
-0.07626949494271622  0.1943315037988298  0.9108930434752001
-0.10514511086267735  0.18211667418161964  0.9175590771552152
-0.13178481571913309  0.1652529320179815  0.9222549105623701
-0.15512262310739483  0.14393276015487325  0.9233266907735219
-0.1742820012650945  0.11882345651639638  0.9203688749608439
-0.1888098335751596  0.09092602363107047  0.9143864501313701
-0.1987353662917906  0.0613017419481292  0.9074575843720667
-0.20441701271538518  0.030810907196706396  0.9020071861976694
-0.20625430891820903  3.8792310677479915e-17  0.8999491835499857
-0.20441701271538518  -0.030810907196706233  0.9020071861976694
-0.1987353662917906  -0.061301741948129033  0.9074575843720667
-0.1888098335751596  -0.09092602363107039  0.9143864501313701
-0.17428200126509444  -0.11882345651639639  0.9203688749608439
-0.15512262310739483  -0.14393276015487322  0.9233266907735219
-0.1317848157191331  -0.16525293201798136  0.9222549105623699
-0.10514511086267748  -0.18211667418161953  0.9175590771552152
-0.07626949494271616  -0.19433150379882969  0.9108930434751998
-0.04613148874619208  -0.20211525814462855  0.9045686939083438
-0.015427236328971132  -0.20586216220203066  0.9007568290288462
0.015427236328971123  -0.20586216220203066  0.9007568290288462
0.04613148874619206  -0.2021152581446285  0.9045686939083436
0.07626949494271634  -0.19433150379882969  0.9108930434752001
0.10514511086267735  -0.18211667418161967  0.9175590771552152
0.1317848157191332  -0.16525293201798144  0.9222549105623701
0.15512262310739502  -0.1439327601548732  0.9233266907735221
0.17428200126509447  -0.11882345651639653  0.9203688749608439
0.1888098335751596  -0.09092602363107043  0.9143864501313698
0.1987353662917907  -0.0613017419481292  0.9074575843720667
0.20441701271538518  -0.030810907196706483  0.9020071861976692
0.09781638416216978  1.3533442754776495e-17  0.9934055063041699
0.0967374728251608  0.014580827975457462  0.9935453586634774
0.09351909863564686  0.028846821573603684  0.993920134562867
0.08821870376490522  0.04248388863727852  0.9944108303421331
0.08093841490666755  0.05518287691417877  0.9948648365063699
0.07183022723780365  0.0666487109474103  0.9951475802965327
0.06109690160531543  0.0766130913671463  0.9951872199970204
0.048986548666768416  0.08484719117828826  0.9949970569291475
0.03578176389839202  0.09117044753176587  0.9946682643380844
0.021786578192453387  0.09545323585116952  0.9943358758612539
0.007315159559984755  0.09761402053868355  0.9941301274084254
-0.007315159559984655  0.09761402053868357  0.9941301274084257
-0.021786578192453318  0.09545323585116956  0.9943358758612543
-0.03578176389839197  0.0911704475317659  0.9946682643380846
-0.048986548666768326  0.08484719117828829  0.9949970569291476
-0.06109690160531537  0.07661309136714632  0.9951872199970206
-0.07183022723780359  0.0666487109474103  0.9951475802965327
-0.08093841490666752  0.05518287691417877  0.9948648365063704
-0.08821870376490516  0.04248388863727854  0.9944108303421333
-0.09351909863564677  0.028846821573603725  0.993920134562867
-0.09673747282516075  0.01458082797545749  0.9935453586634774
-0.09781638416216974  2.5512494931613403e-17  0.9934055063041702
-0.09673747282516078  -0.014580827975457395  0.9935453586634776
-0.09351909863564684  -0.028846821573603645  0.9939201345628673
-0.08821870376490516  -0.0424838886372785  0.9944108303421333
-0.08093841490666748  -0.055182876914178745  0.9948648365063699
-0.07183022723780358  -0.06664871094741028  0.9951475802965326
-0.061096901605315376  -0.07661309136714628  0.9951872199970206
-0.04898654866676839  -0.08484719117828826  0.9949970569291479
-0.035781763898391945  -0.09117044753176587  0.9946682643380846
-0.021786578192453342  -0.09545323585116954  0.9943358758612543
-0.007315159559984722  -0.09761402053868354  0.9941301274084257
0.00731515955998475  -0.09761402053868352  0.9941301274084254
0.021786578192453377  -0.09545323585116954  0.9943358758612543
0.03578176389839206  -0.09117044753176586  0.9946682643380846
0.048986548666768354  -0.08484719117828832  0.9949970569291479
0.06109690160531541  -0.07661309136714628  0.9951872199970204
0.07183022723780365  -0.06664871094741023  0.9951475802965324
0.08093841490666752  -0.05518287691417883  0.9948648365063701
0.08821870376490522  -0.04248388863727852  0.9944108303421331
0.09351909863564686  -0.02884682157360371  0.9939201345628671
0.09673747282516083  -0.014580827975457518  0.9935453586634776
2.561341881326189e-17  1.2502308035625096e-18  0.9992769226629635
2.6675750657691207e-17  1.3799025715883825e-17  -0.9992769226629643
